2018297335 IRC 2 14.80
1995283174 ATD 1 15.11
2017282888 AED 1 18
1995283174 TI 2 11.20
2014935843 MULT 1 8.50
2018297335 AED 1 13.23
2018297335 ATD 2 9.87
1995283174 IPRP 2 19.70
2019564834 ALGA 2 19.20
2018297335 IRC 1 15.75
2018297335 POO 2 11.66
1995283174 ATD 2 18.35
2018297335 PPP 1 15.64
2018298209 SO 1 14.50
2018297335 SCC 1 14.11
2023425464 POO 2 13.30
2018297335 SCC 2 12.00
2018297335 SO 1 14.50
2018297335 AED 2 17.56
2018297335 SO 2 10.50
1995283174 TI 1 10.22
2018297335 TI 1 19.26
2017282888 AED 2 16.49
1999867564 PC 1 11.5
1999867564 PC 2 8.89
2019564834 ALGA 1 19.7
2019564834 AMI 1 18.50
2019564834 AMI 2 19.00
2018297335 PPP 2 11.00
2019564834 AMII 1 18.18
2019564834 AMII 2 17.50
2019564834 ED 2 18.90
2019564834 ESTA 2 18.73
2017282888 MULT 2 16
2019564834 IPRP 1 15.26
2019564834 TEOC 1 15.34
2018297335 PC 2 17.40
2017282888 PPP 2 11.23
2019564834 TEOC 2 16.81
1997517935 POO 2 15.14
2019564834 TFM 1 16.4
2019564834 TFM 2 15.62
2002203275 SCC 1 16.44
2002203275 SCC 2 13.20
2002203275 SO 1 17.64
2002203275 SO 2 18.30
2019564834 AMIII 1 19.50
1997517935 POO 1 5.24
1997517935 PPP 2 17.53
2018298209 POO 1 19.70
2023425464 AED 1 14.00
2019564834 ED 1 18.52
2023425464 AED 2 15.20
2019564834 ESTA 1 17.50
2023425464 ATD 1 11.10
2018297335 MULT 1 15.98
2023425464 ATD 2 9.50
2023425464 IPRP 1 14.00
1997517935 PPP 1 14.51
2023425464 IPRP 2 13.00
2023425464 IRC 1 17.35
2018297335 POO 1 13.70
2018297335 MULT 2 17.50
2023425464 POO 1 12.10
2023425464 PPP 1 9.50
2018297335 PC 1 17.00
2023425464 PPP 2 8.75
2023425464 SCC 1 10.52
2018298209 PPP 1 20
2019564834 AMIII 2 15.95
2023425464 SCC 2 11.10
2023425464 SO 1 14.26
2023425464 SO 2 13.14
2017282888 POO 2 17
2023425464 TEOC 1 16.53
2023425464 TEOC 2 15.35
2023425464 TI 2 15.16
2023425464 IRC 2 15.10
2018298209 AED 1 19.23
2018298209 AED 2 14.56
2018298209 ATD 1 9.50
2018297335 TI 2 17.40
2018298209 ATD 2 14.87
2018298209 IRC 1 13.75
2017282888 PC 1 17
2017282888 SO 1 19
2018298209 IRC 2 17.80
2017282888 MULT 1 16
2018298209 MULT 1 15.98
2019564834 IPRP 2 16.50
2018298209 MULT 2 18.55
2018298209 PC 1 19.74
2018298209 PC 2 17.12
2018297335 ATD 1 7.50
2018298209 PPP 2 19.20
2018298209 SCC 1 13.11
2018298209 SO 2 9.50
1995283174 IPRP 1 20
2018298209 TI 1 14.70
2018298209 TI 2 13.40
2017282888 TI 1 17
2017282888 TI 2 14
2018298209 SCC 2 16.80
2017282888 ATD 1 17
2017282888 ATD 2 15
2017282888 IRC 1 19
2023425464 TI 1 10.90
2017282888 IRC 2 19.87
2017282888 PC 2 18
2017282888 POO 1 17
2014935843 MULT 2 10.87
2018298209 POO 2 13.14
2017282888 PPP 1 15
2017282888 SCC 1 15
2017282888 SCC 2 14
2017282888 SO 2 18.52